
circle_trajectory_yaw=[
    
( 1.5,0.8,0.4,0 ),
( 1.5,0.8,0.42,0 ),
( 1.5,0.8,0.44,0 ),
( 1.5,0.8,0.46,0 ),
( 1.5,0.8,0.48,0 ),
( 1.5,0.8,0.5,0 ),
( 1.5,0.8,0.52,0 ),
( 1.5,0.8,0.54,0 ),
( 1.5,0.8,0.56,0 ),
( 1.5,0.8,0.58,0 ),
( 1.5,0.8,0.6,0 ),
( 1.5,0.8,0.62,0 ),
( 1.5,0.8,0.64,0 ),
( 1.5,0.8,0.66,0 ),
( 1.5,0.8,0.68,0 ),
( 1.5,0.8,0.7,0 ),
( 1.5,0.8,0.7,0 ),
    
( 1.5,0.8,0.7,0.0 ),
( 1.5618660732181397,0.8027392245475387,0.7,5.070422535211265 ),
( 1.6232479605322254,0.8109354600440921,0.7,10.14084507042253 ),
( 1.6836652654493856,0.8245245598340332,0.7,15.21126760563381 ),
( 1.7426451406418335,0.8434001707867228,0.7,20.28169014084506 ),
( 1.7997259886183188,0.8674145656539574,0.7,25.352112676056343 ),
( 1.8544610743503507,0.8963797992359807,0.7,30.42253521126761 ),
( 1.9064220215795045,0.9300691793074981,0.7,35.49295774647888 ),
( 1.9552021654424558,0.9682190407917006,0.7,40.56338028169014 ),
( 2.000419735174914,1.0105308092969802,0.7,45.63380281690141 ),
( 2.041720841985475,1.056673337866367,0.7,50.704225352112665 ),
( 2.0787822487152363,1.1062854986514536,0.7,55.774647887323944 ),
( 2.111313899606825,1.1589790092274426,0.7,60.84507042253522 ),
( 2.139061190383972,1.2143414714295746,0.7,65.9154929577465 ),
( 2.1618069608751793,1.2719395989279179,0.7,70.98591549295776 ),
( 2.179373194586497,1.33132260828037,0.7,76.05633802816901 ),
( 2.191622411921955,1.3920257469242885,0.7,81.12676056338027 ),
( 2.1984587461477996,1.4535739304954272,0.7,86.19718309859155 ),
( 2.1998286936796703,1.5154854610072308,0.7,91.26760563380282 ),
( 2.1957215328206856,1.5772757967906887,0.7,96.33802816901408 ),
( 2.186169407673262,1.638461344689862,0.7,101.40845070422533 ),
( 2.171247076567928,1.6985632448340078,0.7,106.47887323943664 ),
( 2.1510713269780273,1.7571111183653298,0.7,111.54929577464789 ),
( 2.125800061499393,1.8136467487913048,0.7,116.61971830985917 ),
( 2.0956310620484433,1.8677276681500092,0.7,121.69014084507045 ),
( 2.0608004419505237,1.91893061992184,0.7,126.76056338028168 ),
( 2.021580798033,1.9668548715856555,0.7,131.830985915493 ),
( 1.9782790771854855,2.011125350894084,0.7,136.90140845070422 ),
( 1.931234174084255,2.051395581322403,0.7,141.97183098591552 ),
( 1.8808142788819127,2.087350393717114,0.7,147.04225352112675 ),
( 1.8274139956202373,2.1187083929218926,0.7,152.11267605633802 ),
( 1.7714512539185316,2.1452241600762147,0.7,157.18309859154928 ),
( 1.7133640381077007,2.166690173350692,0.7,162.25352112676055 ),
( 1.6536069594090224,2.182938432086755,0.7,167.32394366197184 ),
( 1.5926476979849558,2.1938417716295904,0.7,172.3943661971831 ),
( 1.5309633427077651,2.1993148585639815,0.7,177.46478873239437 ),
( 1.4690366572922349,2.1993148585639815,0.7,182.53521126760563 ),
( 1.4073523020150442,2.1938417716295904,0.7,187.60563380281693 ),
( 1.3463930405909779,2.182938432086755,0.7,192.67605633802816 ),
( 1.2866359618922996,2.166690173350692,0.7,197.74647887323943 ),
( 1.2285487460814688,2.1452241600762147,0.7,202.81690140845066 ),
( 1.172586004379763,2.1187083929218926,0.7,207.88732394366198 ),
( 1.1191857211180873,2.087350393717114,0.7,212.95774647887328 ),
( 1.068765825915745,2.051395581322403,0.7,218.0281690140845 ),
( 1.0217209228145145,2.011125350894084,0.7,223.09859154929578 ),
( 0.9784192019670002,1.9668548715856555,0.7,228.169014084507 ),
( 0.9391995580494763,1.91893061992184,0.7,233.23943661971833 ),
( 0.9043689379515567,1.8677276681500092,0.7,238.30985915492957 ),
( 0.874199938500607,1.8136467487913046,0.7,243.3802816901409 ),
( 0.8489286730219726,1.7571111183653296,0.7,248.45070422535213 ),
( 0.828752923432072,1.6985632448340078,0.7,253.52112676056336 ),
( 0.8138305923267382,1.6384613446898624,0.7,258.59154929577466 ),
( 0.8042784671793145,1.5772757967906887,0.7,263.661971830986 ),
( 0.80017130632033,1.5154854610072308,0.7,268.7323943661972 ),
( 0.8015412538522003,1.4535739304954274,0.7,273.80281690140845 ),
( 0.8083775880780452,1.3920257469242887,0.7,278.8732394366197 ),
( 0.820626805413503,1.33132260828037,0.7,283.94366197183103 ),
( 0.8381930391248208,1.2719395989279179,0.7,289.01408450704224 ),
( 0.8609388096160278,1.2143414714295748,0.7,294.0845070422535 ),
( 0.8886861003931752,1.1589790092274423,0.7,299.1549295774648 ),
( 0.9212177512847639,1.1062854986514536,0.7,304.22535211267603 ),
( 0.9582791580145251,1.0566733378663673,0.7,309.2957746478873 ),
( 0.9995802648250861,1.0105308092969805,0.7,314.36619718309856 ),
( 1.0447978345575444,0.9682190407917005,0.7,319.4366197183099 ),
( 1.0935779784204955,0.9300691793074982,0.7,324.5070422535211 ),
( 1.145538925649649,0.8963797992359808,0.7,329.57746478873236 ),
( 1.2002740113816814,0.8674145656539572,0.7,334.6478873239437 ),
( 1.2573548593581665,0.8434001707867228,0.7,339.7183098591549 ),
( 1.3163347345506144,0.8245245598340332,0.7,344.7887323943662 ),
( 1.3767520394677744,0.8109354600440922,0.7,349.85915492957747 ),
( 1.4381339267818603,0.8027392245475387,0.7,354.92957746478874 ),
( 1.4999999999999998,0.8,0.7,360.0 ),
( 1.4999999999999998,0.8,0.65,360), 

( 1.4999999999999998,0.8,0.62,360), 

( 1.4999999999999998,0.8,0.6,360 ), 
( 1.4999999999999998,0.8,0.58,360 ), 
( 1.4999999999999998,0.8,0.54,360 ), 
( 1.4999999999999998,0.8,0.52,360 ), 
( 1.4999999999999998,0.8,0.5,360), 
( 1.4999999999999998,0.8,0.48,360 ), 
( 1.4999999999999998,0.8,0.46,360 ), 
( 1.4999999999999998,0.8,0.44,360 ), 
( 1.4999999999999998,0.8,0.42,360), 
( 1.4999999999999998,0.8,0.4,360 ),
( 1.4999999999999998,0.8,0.38,360 ), 
( 1.4999999999999998,0.8,0.36,360 ), 
( 1.4999999999999998,0.8,0.32,360), 
( 1.4999999999999998,0.8,0.3,360 ),
( 1.4999999999999998,0.8,0.28,360),
( 1.4999999999999998,0.8,0.24,360 ), 

( 1.4999999999999998,0.8,0.26,360 ), 
( 1.4999999999999998,0.8,0.22,360 ), 
( 1.4999999999999998,0.8,0.2,360 ), 
( 1.4999999999999998,0.8,0.2,360 ), 
( 1.4999999999999998,0.8,0.0,360 ), 
    
    
    ]



