 
circle_trajectory_yaw2 = [
    
        
( 1.5,0.8,0.4,0 ),
( 1.5,0.8,0.42,0 ),
( 1.5,0.8,0.44,0 ),
( 1.5,0.8,0.46,0 ),
( 1.5,0.8,0.48,0 ),
( 1.5,0.8,0.5,0 ),
( 1.5,0.8,0.52,0 ),
( 1.5,0.8,0.54,0 ),
( 1.5,0.8,0.56,0 ),
( 1.5,0.8,0.58,0 ),
( 1.5,0.8,0.6,0 ),
( 1.5,0.8,0.62,0 ),
( 1.5,0.8,0.64,0 ),
( 1.5,0.8,0.66,0 ),
( 1.5,0.8,0.68,0 ),
( 1.5,0.8,0.7,0 ),
( 1.5,0.8,0.72,0 ),
( 1.5,0.8,0.74,0 ),
( 1.5,0.8,0.76,0 ),
( 1.5,0.8,0.78,0 ),
( 1.5,0.8,0.8,0 ),
( 1.5,0.8,0.82,0 ),
( 1.5,0.8,0.84,0 ),
( 1.5,0.8,0.86,0 ),
( 1.5,0.8,0.88,0 ),
( 1.5,0.8,0.9,0 ),
( 1.5,0.8,0.92,0 ),
( 1.5,0.8,0.94,0 ),
( 1.5,0.8,0.96,0.0 ),
( 1.5,0.8,0.98,0 ),
( 1.5,0.8,1.00,0 ),
( 1.5,0.8,1.02,0 ),
( 1.5,0.8,1.04,0 ),
( 1.5,0.8,1.06,0 ),
( 1.5,0.8,1.08,0 ),
( 1.5,0.8,1.10,0 ),
( 1.5,0.8,1.12,0 ),
( 1.5,0.8,1.14,0 ),
( 1.5,0.8,1.16,0.0 ),
( 1.5,0.8,1.18,0 ),
( 1.5,0.8,1.20,0.0 ),
( 1.5,0.8,1.20,0 ),
( 1.5,0.8,1.20,0.0 ),
( 1.5,0.8,1.2,0.0 ),
( 1.5,0.8,1.2,0.0 ),

( 1.5,0.8,1.2,0.0 ),
( 1.5,0.8,1.2,0.0 ),
( 1.5,0.8,1.2,0.0 ),

( 1.5307469556855362,0.8006755940794918,1.2,2.51748251748252 ),
( 1.561434561481862,0.8027010722397953,1.2,5.03496503496504 ),
( 1.5920035820610072,0.8060725247636152,1.2,7.55244755244756 ),
( 1.622395010996345,0.8107834438413392,1.2,10.069930069930068 ),
( 1.6525501846608588,0.816824736132859,1.2,12.587412587412587 ),
( 1.6824108954637091,0.8241847403201613,1.2,15.104895104895107 ),
( 1.7119195042065305,0.8328492496168064,1.2,17.622377622377627 ),
( 1.741019051342578,0.8428015391908441,1.2,20.139860139860136 ),
( 1.7696533669239636,0.8540223984482356,1.2,22.657342657342657 ),
( 1.7977671790247525,0.8664901681144632,1.2,25.174825174825173 ),
( 1.825306220430638,0.8801807820427531,1.2,27.692307692307693 ),
( 1.8522173333892527,0.8950678136682063,1.2,30.209790209790214 ),
( 1.8784485722189184,0.9111225270181733,1.2,32.72727272727273 ),
( 1.9039493035777748,0.9283139321804048,1.2,35.24475524475525 ),
( 1.9286703041997395,0.9466088451219132,1.2,37.76223776223776 ),
( 1.9525638559086436,0.9659719517430753,1.2,40.27972027972028 ),
( 1.9755838377271369,0.9863658760433373,1.2,42.7972027972028 ),
( 1.9976858149025714,1.0077512522669423,1.2,45.31468531468531 ),
( 2.0188271246780194,1.0300868008894208,1.2,47.83216783216783 ),
( 2.0389669586428614,1.0533294082981686,1.2,50.34965034965035 ),
( 2.0580664415039864,1.0774342100133072,1.2,52.86713286713287 ),
( 2.0760887061255593,1.102354677288191,1.2,55.38461538461539 ),
( 2.0929989646925025,1.1280427069223942,1.2,57.902097902097914 ),
( 2.108764575860328,1.1544487141138173,1.2,60.41958041958043 ),
( 2.1233551077617094,1.1815217281706845,1.2,62.93706293706294 ),
( 2.136742396748163,1.2092094908986795,1.2,65.45454545454545 ),
( 2.1489006017534606,1.2374585574733068,1.2,67.97202797202797 ),
( 2.159806254173834,1.266214399602769,1.2,70.4895104895105 ),
( 2.1694383031686892,1.295421510782228,1.2,73.00699300699301 ),
( 2.177778156294385,1.325023513436278,1.2,75.52447552447552 ),
( 2.184809715392648,1.3549632677428216,1.2,78.04195804195804 ),
( 2.190519407664346,1.3851829819282848,1.2,80.55944055944056 ),
( 2.1948962118686377,1.415624323821274,1.2,83.0769230769231 ),
( 2.1979316795969304,1.4462285334493474,1.2,85.5944055944056 ),
( 2.199619951580578,1.4769365364615554,1.2,88.11188811188812 ),
( 2.1999577690008487,1.5076890581578184,1.2,90.62937062937063 ),
( 2.198944479779316,1.5384267379050292,1.2,93.14685314685315 ),
( 2.1965820398365468,1.569090243719032,1.2,95.66433566433567 ),
( 2.1928750093166527,1.5996203867912997,1.2,98.1818181818182 ),
( 2.187830543784981,1.6299582357392448,1.2,100.6993006993007 ),
( 2.181458380415953,1.660045230359628,1.2,103.21678321678323 ),
( 2.1737708191976983,1.6898232946654919,1.2,105.73426573426573 ),
( 2.1647826991897747,1.7192349489884253,1.2,108.25174825174825 ),
( 2.15451136987979,1.748223420929775,1.2,110.76923076923077 ),
( 2.142976657694232,1.776732754946635,1.2,113.2867132867133 ),
( 2.1302008277281317,1.8047079203610854,1.2,115.80419580419583 ),
( 2.116208540767449,1.8320949175841923,1.2,118.32167832167835 ),
( 2.1010268056871233,1.85884088234973,1.2,120.83916083916085 ),
( 2.0846849273166894,1.8848941877564245,1.2,123.35664335664336 ),
( 2.0672144498740743,1.91020454392175,1.2,125.87412587412588 ),
( 2.048649096076782,1.9347230950549212,1.2,128.39160839160837 ),
( 2.029024702047981,1.9584025137616996,1.2,130.9090909090909 ),
( 2.008379148143155,1.9811970923989877,1.2,133.42657342657344 ),
( 1.9867522858308364,2.0030628313028656,1.2,135.94405594405595 ),
( 1.9641858607685565,2.023957523719771,1.2,138.46153846153848 ),
( 1.9407234322225078,2.043840837276875,1.2,140.979020979021 ),
( 1.9164102889864512,2.0626743918344075,1.2,143.4965034965035 ),
( 1.8912933619621692,2.08042183356964,1.2,146.01398601398603 ),
( 1.865421133570213,2.0970489051495367,1.2,148.5314685314685 ),
( 1.8388435441657962,2.112523511856616,1.2,151.04895104895104 ),
( 1.8116118956404865,2.1268157835403816,1.2,153.56643356643357 ),
( 1.7837787523957656,2.1398981322747415,1.2,156.08391608391608 ),
( 1.7553978398796044,2.1517453056101226,1.2,158.6013986013986 ),
( 1.7265239408819069,2.162334435317484,1.2,161.11888111888112 ),
( 1.6972127897890008,2.1716450815301482,1.2,163.63636363636365 ),
( 1.6675209650012903,2.1796592721982364,1.2,166.1538461538462 ),
( 1.6375057797217352,2.1863615377795567,1.2,168.67132867132867 ),
( 1.6072251713259633,2.1917389410999775,1.2,171.1888111888112 ),
( 1.576737589527562,2.195781102325652,1.2,173.7062937062937 ),
( 1.54610188355442,2.198480218998888,1.2,176.22377622377624 ),
( 1.5153771885538982,2.1998310810989876,1.2,178.74125874125872 ),
( 1.4846228114461018,2.1998310810989876,1.2,181.25874125874125 ),
( 1.45389811644558,2.198480218998888,1.2,183.77622377622376 ),
( 1.4232624104724378,2.195781102325652,1.2,186.2937062937063 ),
( 1.3927748286740365,2.191738941099977,1.2,188.81118881118883 ),
( 1.3624942202782644,2.1863615377795567,1.2,191.32867132867133 ),
( 1.3324790349987095,2.1796592721982364,1.2,193.84615384615387 ),
( 1.3027872102109992,2.1716450815301482,1.2,196.3636363636364 ),
( 1.2734760591180931,2.162334435317484,1.2,198.8811188811189 ),
( 1.2446021601203958,2.1517453056101226,1.2,201.3986013986014 ),
( 1.2162212476042344,2.139898132274742,1.2,203.91608391608392 ),
( 1.1883881043595135,2.1268157835403816,1.2,206.43356643356645 ),
( 1.1611564558342038,2.112523511856616,1.2,208.95104895104896 ),
( 1.134578866429787,2.0970489051495367,1.2,211.46853146853147 ),
( 1.1087066380378305,2.08042183356964,1.2,213.98601398601397 ),
( 1.0835897110135488,2.062674391834407,1.2,216.5034965034965 ),
( 1.059276567777492,2.043840837276875,1.2,219.020979020979 ),
( 1.0358141392314433,2.023957523719771,1.2,221.53846153846155 ),
( 1.0132477141691634,2.0030628313028656,1.2,224.05594405594408 ),
( 0.9916208518568447,1.9811970923989874,1.2,226.5734265734266 ),
( 0.9709752979520193,1.9584025137616996,1.2,229.0909090909091 ),
( 0.951350903923218,1.934723095054921,1.2,231.60839160839166 ),
( 0.9327855501259256,1.91020454392175,1.2,234.12587412587416 ),
( 0.9153150726833106,1.8848941877564243,1.2,236.6433566433567 ),
( 0.8989731943128764,1.8588408823497296,1.2,239.16083916083917 ),
( 0.8837914592325511,1.8320949175841919,1.2,241.6783216783217 ),
( 0.8697991722718683,1.8047079203610856,1.2,244.1958041958042 ),
( 0.857023342305768,1.7767327549466352,1.2,246.71328671328672 ),
( 0.8454886301202097,1.7482234209297751,1.2,249.23076923076923 ),
( 0.8352173008102253,1.7192349489884253,1.2,251.74825174825176 ),
( 0.8262291808023015,1.689823294665492,1.2,254.26573426573424 ),
( 0.8185416195840471,1.6600452303596283,1.2,256.78321678321674 ),
( 0.8121694562150189,1.6299582357392448,1.2,259.3006993006993 ),
( 0.8071249906833472,1.5996203867912997,1.2,261.8181818181818 ),
( 0.803417960163453,1.569090243719032,1.2,264.3356643356643 ),
( 0.8010555202206844,1.5384267379050292,1.2,266.8531468531469 ),
( 0.8000422309991512,1.5076890581578184,1.2,269.3706293706294 ),
( 0.8003800484194217,1.4769365364615554,1.2,271.8881118881119 ),
( 0.8020683204030699,1.4462285334493472,1.2,274.40559440559446 ),
( 0.8051037881313623,1.4156243238212738,1.2,276.92307692307696 ),
( 0.809480592335654,1.3851829819282846,1.2,279.44055944055947 ),
( 0.8151902846073521,1.3549632677428214,1.2,281.958041958042 ),
( 0.8222218437056152,1.3250235134362778,1.2,284.4755244755245 ),
( 0.8305616968313109,1.2954215107822278,1.2,286.993006993007 ),
( 0.840193745826166,1.2662143996027688,1.2,289.51048951048955 ),
( 0.8510993982465397,1.2374585574733064,1.2,292.02797202797206 ),
( 0.8632576032518373,1.2092094908986792,1.2,294.54545454545456 ),
( 0.8766448922382903,1.1815217281706847,1.2,297.062937062937 ),
( 0.8912354241396716,1.1544487141138173,1.2,299.5804195804196 ),
( 0.9070010353074974,1.1280427069223942,1.2,302.0979020979021 ),
( 0.9239112938744405,1.1023546772881911,1.2,304.6153846153846 ),
( 0.9419335584960137,1.0774342100133072,1.2,307.13286713286715 ),
( 0.9610330413571387,1.0533294082981686,1.2,309.65034965034965 ),
( 0.9811728753219805,1.0300868008894208,1.2,312.16783216783216 ),
( 1.0023141850974286,1.0077512522669423,1.2,314.6853146853147 ),
( 1.0244161622728631,0.9863658760433371,1.2,317.2027972027972 ),
( 1.0474361440913564,0.9659719517430753,1.2,319.72027972027973 ),
( 1.0713296958002605,0.9466088451219131,1.2,322.23776223776224 ),
( 1.0960506964222254,0.9283139321804047,1.2,324.75524475524475 ),
( 1.1215514277810819,0.9111225270181732,1.2,327.2727272727273 ),
( 1.1477826666107473,0.8950678136682062,1.2,329.7902097902098 ),
( 1.1746937795693622,0.8801807820427531,1.2,332.3076923076924 ),
( 1.2022328209752478,0.8664901681144632,1.2,334.8251748251748 ),
( 1.2303466330760364,0.8540223984482355,1.2,337.34265734265733 ),
( 1.2589809486574222,0.842801539190844,1.2,339.8601398601399 ),
( 1.2880804957934697,0.8328492496168064,1.2,342.3776223776224 ),
( 1.3175891045362913,0.8241847403201613,1.2,344.89510489510496 ),
( 1.3474498153391414,0.8168247361328589,1.2,347.4125874125874 ),
( 1.3776049890036548,0.8107834438413393,1.2,349.9300699300699 ),
( 1.4079964179389928,0.8060725247636152,1.2,352.4475524475525 ),
( 1.438565438518138,0.8027010722397953,1.2,354.965034965035 ),
( 1.4692530443144638,0.8006755940794918,1.2,357.48251748251744 ),
( 1.4999999999999998,0.8,1.2,360.0 ),
( 1.4999999999999998,0.8,1.2,360.0 ),
( 1.4999999999999998,0.8,1.2,360.0 ),
( 1.4999999999999998,0.8,1.2,360.0 ),
( 1.4999999999999998,0.8,1.2,360.0 ),
( 1.4999999999999998,0.8,1.2,360.0 ),
( 1.4999999999999998,0.8,1.2,360.0 ),
( 1.4999999999999998,0.8,1.2,360.0 ),
( 1.4999999999999998,0.8,1.2,360.0 ),

( 1.4999999999999998,0.8,1.2,360.0 ),

( 1.4999999999999998,0.8,1.15,360.0 ),
( 1.4999999999999998,0.8,1.1,360), 

( 1.4999999999999998,0.8,1.05,360), 

( 1.4999999999999998,0.8,0.95,360 ), 
( 1.4999999999999998,0.8,0.9,360 ), 
( 1.4999999999999998,0.8,0.85,360 ), 
( 1.4999999999999998,0.8,0.8,360 ), 
( 1.4999999999999998,0.8,0.75,360), 
( 1.4999999999999998,0.8,0.7,360 ), 
( 1.4999999999999998,0.8,0.65,360 ), 
( 1.4999999999999998,0.8,0.6,360 ), 
( 1.4999999999999998,0.8,0.55,360), 
( 1.4999999999999998,0.8,0.5,360 ),
( 1.4999999999999998,0.8,0.45,360 ), 
( 1.4999999999999998,0.8,0.4,360 ), 
( 1.4999999999999998,0.8,0.35,360), 
( 1.4999999999999998,0.8,0.3,360 ),
( 1.4999999999999998,0.8,0.25,360),
( 1.4999999999999998,0.8,0.22,360 ), 

( 1.4999999999999998,0.8,0.2,360 ),  
( 1.4999999999999998,0.8,0.0,360 ), 
    
    ]