 ( 1.5,0.9,0.15,0 ),
( 1.5,0.9,0.20,0 ),


( 1.5,0.9,0.23,0 ),
( 1.5,0.9,0.26,0 ),
( 1.5,0.9,0.29,0 ),
( 1.5,0.9,0.33,0 ),
( 1.5,0.9,0.36,0 ),
( 1.5,0.9,0.39,0 ),
( 1.5,0.9,0.42,0 ),
( 1.5,0.9,0.45,0 ),
( 1.5,0.9,0.48,0 ),
( 1.5,0.9,0.51,0 ),
( 1.5,0.9,0.54,0 ),
( 1.5,0.9,0.57,0 ),
( 1.5,0.9,0.6,0 ),
( 1.5,0.9,0.63,0 ),
( 1.5,0.9,0.66,0 ),
( 1.5,0.9,0.69,0 ),
( 1.5,0.9,0.72,0 ),
( 1.5,0.9,0.75,0 ),
( 1.5,0.9,0.78,0 ),
( 1.5,0.9,0.81,0 ),
( 1.5,0.9,0.84,0 ),
( 1.5,0.9,0.87,0 ),
( 1.5,0.9,0.9,0 ),
( 1.5,0.9,0.93,0 ),
( 1.5,0.9,0.96,0 ),
( 1.5,0.9,0.99,0 ),
( 1.5,0.9,1.02,0 ),
( 1.5,0.9,1.05,0 ),
( 1.5,0.9,1.08,0 ),
( 1.5,0.9,1.11,0 ),
( 1.5,0.9,1.14,0 ),
( 1.5,0.9,1.17,0 ),
( 1.5,0.9,1.2,0 ),

( 1.5,0.9,1.2,0 ),
( 1.5,0.9,1.2,0 ),

( 1.5,0.9,1.23,0 ),
( 1.5,0.9,1.26,0 ),
( 1.5,0.9,1.29,0 ),
( 1.5,0.9,1.32,0 ),
( 1.5,0.9,1.35,0 ),
( 1.5,0.9,1.38,0 ),
( 1.5,0.9,1.41,0 ),
( 1.5,0.9,1.44,0 ),
( 1.5,0.9,1.47,0 ),
( 1.5,0.9,1.5,0 ),
( 1.5,0.9,1.53,0 ),
( 1.5,0.9,1.56,0 ),
( 1.5,0.9,1.59,0 ),
( 1.5,0.9,1.6,0.0 ),
( 1.5,0.9,1.6,0.0 ),
( 1.5,0.9,1.6,0.0 ),
( 1.5,0.9,1.6,0.0 ),
( 1.5,0.9,1.6,0.0 ),
( 1.5,0.9,1.6,0.0 ),
( 1.5,0.9,1.6,0.0 ),
( 1.5,0.9,1.6,0.0 ),
( 1.5,0.9,1.6,0.0 ),
( 1.5,0.9,1.6,0.0 ),
( 1.5,0.9,1.6,0.0 ),
( 1.5,0.9,1.6,0.0 ),

( 1.5,0.9,1.6,0.0 ),
( 1.5,0.8999999999999999,1.6,0.0 ),
( 1.5393941468920689,0.9008625793625058,1.6,2.508710801393725 ),
( 1.5787127813883322,0.9034486640207864,1.6,5.017421602787462 ),
( 1.6178805358383928,0.9077532968564952,1.6,7.526132404181187 ),
( 1.6568223318052195,0.913768226564194,1.6,10.034843205574912 ),
( 1.6954635239787235,0.92148192346781,1.6,12.543554006968636 ),
( 1.7337300432591016,0.9308796016212146,1.6,15.052264808362374 ),
( 1.771548538735673,0.9419432471505624,1.6,17.5609756097561 ),
( 1.8088465182890623,0.9546516527840585,1.6,20.069686411149824 ),
( 1.845552487547212,0.96898045850297,1.6,22.578397212543564 ),
( 1.8815960869288708,0.9849021982359578,1.6,25.087108013937286 ),
( 1.9169082265118678,1.0023863525072247,1.6,27.59581881533101 ),
( 1.951421218467647,1.021399406937559,1.6,30.104529616724747 ),
( 1.9850689068082095,1.0419049164861385,1.6,32.61324041811846 ),
( 2.0177867941967587,1.0638635753099541,1.6,35.1219512195122 ),
( 2.0495121655789696,1.0872332921069396,1.6,37.63066202090592 ),
( 2.0801842083979043,1.1119692707983915,1.6,40.139372822299656 ),
( 2.109744129162137,1.138024096396019,1.6,42.64808362369339 ),
( 2.1381352661436495,1.1653478258890355,1.5958,45.15679442508711 ),
( 2.1653031979894664,1.193888083977069,1.5916000000000001,47.66550522648084 ),
( 2.1911958480388507,1.2235901634653916,1.5874000000000001,50.174216027874564 ),
( 2.215763584146084,1.2543971301300259,1.5832000000000002,52.6829268292683 ),
( 2.2389593138175,1.2862499318517129,1.5790000000000002,55.19163763066202 ),
( 2.260738574480404,1.3190875118095569,1.5748000000000002,57.70034843205575 ),
( 2.2810596187108434,1.3528469255173665,1.5706000000000002,60.20905923344949 ),
( 2.2998834942568687,1.3874634614783532,1.5664000000000002,62.71777003484321 ),
( 2.3171741187038823,1.4228707652269141,1.5622000000000003,65.22648083623693 ),
( 2.3328983486389676,1.4590009665197259,1.5580000000000003,67.73519163763068 ),
( 2.3470260431816055,1.4957848094323476,1.5538000000000003,70.2439024390244 ),
( 2.359530121759014,1.5331517851119572,1.5496000000000003,72.75261324041811 ),
( 2.370386616015352,1.5710302669317529,1.5454000000000003,75.26132404181185 ),
( 2.379574715755299,1.609347647787956,1.5412000000000003,77.77003484320558 ),
( 2.387076808833929,1.6480304792762286,1.5370000000000004,80.27874564459931 ),
( 2.3928785149164313,1.6870046124807372,1.5328000000000004,82.78745644599303 ),
( 2.3969687130429516,1.7261953401059846,1.5286000000000004,85.29616724738678 ),
( 2.399339562945729,1.7655275396789682,1.5244000000000004,87.80487804878048 ),
( 2.3999865200776576,1.8049258175471692,1.5202000000000004,90.31358885017421 ),
( 2.3989083443234698,1.8443146533963486,1.5160000000000005,92.82229965156795 ),
( 2.3961071023768423,1.8836185450111365,1.5118000000000005,95.33101045296168 ),
( 2.39158816377887,1.9227621530009253,1.5076000000000005,97.83972125435541 ),
( 2.385360190625498,1.961670445213658,1.5034000000000005,100.34843205574913 ),
( 2.377435120963641,2.000268840560683,1.4992000000000005,102.85714285714288 ),
( 2.367828145907827,2.0384833519769954,1.4950000000000006,105.3658536585366 ),
( 2.3565576805212087,2.076240728242827,1.4908000000000006,107.87456445993033 ),
( 2.343645328516782,2.113468594394734,1.4866000000000006,110.38327526132404 ),
( 2.3291158408464607,2.1500955904570445,1.4824000000000006,112.89198606271778 ),
( 2.3129970682573817,2.1860515082277265,1.4782000000000006,115.4006968641115 ),
( 2.295319907906399,2.2212674258564946,1.4740000000000006,117.90940766550523 ),
( 2.2761182441350827,2.255675839957174,1.4698000000000007,120.41811846689897 ),
( 2.2554288835187553,2.289210795001099,1.4656000000000007,122.92682926829269 ),
( 2.2332914843140625,2.3218080097435063,1.4614000000000007,125.43554006968643 ),
( 2.2097484804403242,2.353405000440591,1.4572000000000007,127.94425087108016 ),
( 2.1848450001403688,2.3839412006210368,1.4530000000000007,130.45296167247386 ),
( 2.158628779476777,2.4133580771824326,1.4488000000000008,132.96167247386762 ),
( 2.131150070829343,2.441599242590042,1.4446000000000008,135.47038327526136 ),
( 2.10246154656915,2.4686105629628563,1.4404000000000008,137.97909407665506 ),
( 2.072618198093904,2.4943402618397488,1.4362000000000008,140.4878048780488 ),
( 2.0416772304180553,2.518739019426819,1.4320000000000008,142.99651567944252 ),
( 2.0096979525197667,2.5417600671356997,1.4278000000000008,145.50522648083623 ),
( 1.9767416636549116,2.5633592772315974,1.4236000000000009,148.01393728223 ),
( 1.9428715358560222,2.5834952474192345,1.4194000000000009,150.5226480836237 ),
( 1.90815249284142,2.6021293802045493,1.415200000000001,153.03135888501743 ),
( 1.8726510855666394,2.6192259568800327,1.411000000000001,155.54006968641116 ),
( 1.836435364656692,2.634752205991885,1.406800000000001,158.04878048780486 ),
( 1.7995747499636998,2.6486783661577493,1.402600000000001,160.55749128919862 ),
( 1.7621398974999374,2.660977743114607,1.398400000000001,163.06620209059236 ),
( 1.724202564001347,2.6716267608874924,1.394200000000001,165.57491289198606 ),
( 1.6858354693811375,2.680605006980935,1.390000000000001,168.08362369337982 ),
( 1.6471121573371283,2.687895271506508,1.385800000000001,170.59233449477355 ),
( 1.6081068543800248,2.6934835801714856,1.381600000000001,173.10104529616726 ),
( 1.568894327552846,2.697359221065366,1.377400000000001,175.60975609756096 ),
( 1.5295497411142436,2.699514765192924,1.373200000000001,178.1184668989547 ),
( 1.4901485124604128,2.6999460807144264,1.369000000000001,180.62717770034843 ),
( 1.4507661675617858,2.698652340865724,1.3648000000000011,183.13588850174216 ),
( 1.4114781961915999,2.6956360255430254,1.3606000000000011,185.6445993031359 ),
( 1.372359907223851,2.690902916549326,1.3564000000000012,188.15331010452962 ),
( 1.3334862842780069,2.6844620865116013,1.3522000000000012,190.66202090592336 ),
( 1.2949318419871763,2.6763258814900013,1.3480000000000012,193.1707317073171 ),
( 1.256770483165254,2.666509897312394,1.3438000000000012,195.67944250871082 ),
( 1.2190753571468294,2.655032949679612,1.3396000000000012,198.18815331010455 ),
( 1.1819187195713927,2.641917038098706,1.3354000000000013,200.69686411149826 ),
( 1.145371793880616,2.6271873037133413,1.3312000000000013,203.20557491289202 ),
( 1.1095046347941975,2.6108719811121768,1.3270000000000013,205.71428571428575 ),
( 1.0743859940259584,2.593002344207587,1.3228000000000013,208.22299651567945 ),
( 1.0400831884976005,2.5736126462884807,1.3186000000000013,210.7317073170732 ),
( 1.0066619713027352,2.552740054362126,1.3144000000000013,213.24041811846692 ),
( 0.9741864056685217,2.530424577910828,1.3102000000000014,215.74912891986065 ),
( 0.9427187421565202,2.5067089922000347,1.3060000000000014,218.25783972125438 ),
( 0.9123192993381347,2.481638756284866,1.3018000000000014,220.7665505226481 ),
( 0.8830463481733799,2.4552619258722403,1.2976000000000014,223.27526132404182 ),
( 0.8549560003145991,2.42762906120563,1.2934000000000014,225.78397212543555 ),
( 0.8281021005492336,2.3987931301490084,1.2892000000000015,228.29268292682926 ),
( 0.8025361235878176,2.3688094066557723,1.2850000000000015,230.801393728223 ),
( 0.7783070753950377,2.3377353648172456,1.2808000000000015,233.31010452961675 ),
( 0.7554613992529933,2.3056305686938727,1.2766000000000015,235.81881533101046 ),
( 0.7340428867367119,2.272556558140262,1.2724000000000015,238.3275261324042 ),
( 0.7140925937725755,2.2385767308429414,1.2682000000000015,240.83623693379795 ),
( 0.6956487619405557,2.2037562207969548,1.2640000000000016,243.34494773519165 ),
( 0.678746745171105,2.168161773454206,1.2598000000000016,245.85365853658539 ),
( 0.6634189419772232,2.1318616177829117,1.2556000000000016,248.36236933797912 ),
( 0.6496947333515946,2.0949253354833797,1.2514000000000016,250.87108013937285 ),
( 0.6376004264478347,2.0574237276108076,1.2472000000000016,253.37979094076653 ),
( 0.6271592041538077,2.019428678860776,1.2430000000000017,255.88850174216032 ),
( 0.61839108065367,1.9810130197775737,1.2388000000000017,258.397212543554 ),
( 0.6113128630638196,1.9422503871494712,1.2346000000000017,260.9059233449477 ),
( 0.6059381192162924,1.90321508285856,1.2304000000000017,263.4146341463415 ),
( 0.6022771516513591,1.8639819314557093,1.2262000000000017,265.92334494773525 ),
( 0.6003369778691713,1.8246261367336432,1.2220000000000018,268.43205574912895 ),
( 0.6001213168783162,1.7852231375730767,1.2178000000000018,270.9407665505227 ),
( 0.6016305820670604,1.745848463338227,1.2136000000000018,273.4494773519164 ),
( 0.6048618804109498,1.7065775890988715,1.2094000000000018,275.9581881533101 ),
( 0.6098090180182834,1.6674857909564904,1.2052000000000018,278.4668989547039 ),
( 0.6164625120028305,1.6286480017517981,1.2010000000000018,280.9756097560976 ),
( 0.624809608661037,1.5901386674302462,1.1968000000000019,283.4843205574913 ),
( 0.6348343079188712,1.5520316043408326,1.1926000000000019,285.99303135888505 ),
( 0.6465173940014546,1.5143998577417517,1.188400000000002,288.50174216027875 ),
( 0.659836472266687,1.4773155617840945,1.184200000000002,291.01045296167246 ),
( 0.6747660121322591,1.440849801242008,1.180000000000002,293.5191637630662 ),
( 0.6912773960137717,1.4050724752543395,1.175800000000002,296.02787456446 ),
( 0.7093389741801519,1.3700521633389633,1.171600000000002,298.5365853658537 ),
( 0.7289161254212206,1.3358559939366046,1.167400000000002,301.0452961672474 ),
( 0.749971323411118,1.3025495157361584,1.163200000000002,303.55400696864115 ),
( 0.7724642086403776,1.2701965720281454,1.159000000000002,306.06271777003485 ),
( 0.796351665778773,1.2388591783271399,1.154800000000002,308.5714285714286 ),
( 0.8215879063206375,1.2085974034977662,1.150600000000002,311.0801393728223 ),
( 0.8481245563542398,1.1794692546121157,1.146400000000002,313.5888501742161 ),
( 0.8759107492869823,1.1515305657592918,1.142200000000002,316.0975609756097 ),
( 0.904893223348674,1.124834891020227,1.1380000000000021,318.60627177700354 ),
( 0.9350164236859801,1.0994334018129184,1.1338000000000021,321.11498257839725 ),
( 0.9662226088523599,1.0753747888048475,1.1296000000000022,323.62369337979095 ),
( 0.9984519614893542,1.0527051685806172,1.1254000000000022,326.1324041811847 ),
( 1.0316427029870692,1.0314679952436976,1.1212000000000022,328.6411149825784 ),
( 1.0657312119040783,1.011703977121729,1.1170000000000022,331.1498257839721 ),
( 1.1006521459197367,0.9934509987350497,1.1128000000000022,333.6585365853659 ),
( 1.1363385670851516,0.976744048178017,1.1086000000000023,336.16724738675964 ),
( 1.1727220701327257,0.9616151500523216,1.1044000000000023,338.6759581881533 ),
( 1.2097329135983161,0.9480933040808532,1.1002000000000023,341.1846689895471 ),
( 1.2473001535046724,0.9362044295197862,1.0960000000000023,343.6933797909408 ),
( 1.2853517793499067,0.9259713154754308,1.0918000000000023,346.2020905923345 ),
( 1.3238148521403228,0.9174135772210952,1.0876000000000023,348.7108013937283 ),
( 1.3626156442030133,0.9105476185976864,1.0834000000000024,351.2195121951219 ),
( 1.4016797805102406,0.9053866005701203,1.0792000000000024,353.7282229965157 ),
( 1.440932381244688,0.9019404159998197,1.0750000000000024,356.2369337979094 ),
( 1.480298205332315,0.9002156706816502,1.0708000000000024,358.74564459930315 ),
( 1.5197017946676854,0.9002156706816502,1.0666000000000024,361.25435540069685 ),
( 1.5590676187553119,0.9019404159998197,1.0624000000000025,363.7630662020906 ),
( 1.5983202194897599,0.9053866005701203,1.0582000000000025,366.2717770034843 ),
( 1.6373843557969872,0.9105476185976864,1.0540000000000025,368.7804878048781 ),
( 1.6761851478596776,0.9174135772210952,1.0498000000000025,371.2891986062718 ),
( 1.7146482206500937,0.925971315475431,1.0456000000000025,373.79790940766554 ),
( 1.7526998464953283,0.9362044295197864,1.0414000000000025,376.30662020905925 ),
( 1.7902670864016843,0.9480933040808535,1.0372000000000026,378.815331010453 ),
( 1.8272779298672748,0.9616151500523216,1.0330000000000026,381.3240418118467 ),
( 1.8636614329148489,0.9767440481780172,1.0288000000000026,383.8327526132405 ),
( 1.8993478540802637,0.9934509987350499,1.0246000000000026,386.3414634146342 ),
( 1.9342687880959222,1.0117039771217293,1.0204000000000026,388.85017421602794 ),
( 1.9683572970129313,1.0314679952436978,1.0162000000000027,391.35888501742164 ),
( 2.001548038510646,1.0527051685806175,1.0120000000000027,393.8675958188153 ),
( 2.0337773911476402,1.0753747888048477,1.0078000000000027,396.3763066202091 ),
( 2.0649835763140203,1.0994334018129186,1.0036000000000027,398.88501742160287 ),
( 2.0951067766513267,1.1248348910202273,0.9994000000000027,401.3937282229965 ),
( 2.124089250713018,1.151530565759292,0.9952000000000027,403.90243902439033 ),
( 2.1518754436457606,1.179469254612116,0.9910000000000028,406.41114982578404 ),
( 2.1784120936793627,1.2085974034977665,0.9868000000000028,408.9198606271777 ),
( 2.203648334221227,1.2388591783271403,0.9826000000000028,411.4285714285715 ),
( 2.2275357913596228,1.2701965720281458,0.9784000000000028,413.93728222996515 ),
( 2.250028676588882,1.3025495157361588,0.9742000000000028,416.4459930313589 ),
( 2.271083874578779,1.3358559939366041,0.9700000000000029,418.9547038327526 ),
( 2.2906610258198485,1.3700521633389637,0.9658000000000029,421.4634146341464 ),
( 2.3087226039862285,1.40507247525434,0.9616000000000029,423.9721254355401 ),
( 2.325233987867741,1.4408498012420077,0.9574000000000029,426.48083623693384 ),
( 2.340163527733313,1.477315561784095,0.9532000000000029,428.98954703832754 ),
( 2.3534826059985456,1.5143998577417521,0.949000000000003,431.4982578397213 ),
( 2.365165692081129,1.552031604340833,0.944800000000003,434.006968641115 ),
( 2.375190391338963,1.5901386674302467,0.940600000000003,436.51567944250877 ),
( 2.3835374879971694,1.6286480017517988,0.936400000000003,439.0243902439025 ),
( 2.390190981981717,1.6674857909564909,0.932200000000003,441.5331010452962 ),
( 2.39513811958905,1.706577589098872,0.928000000000003,444.04181184668994 ),
( 2.3983694179329396,1.7458484633382274,0.9238000000000031,446.55052264808364 ),
( 2.399878683121684,1.7852231375730772,0.9196000000000031,449.0592334494774 ),
( 2.3996630221308286,1.8246261367336436,0.9154000000000031,451.5679442508711 ),
( 2.397722848348641,1.8639819314557098,0.9112000000000031,454.07665505226487 ),
( 2.3940618807837075,1.9032150828585606,0.9070000000000031,456.5853658536585 ),
( 2.3886871369361806,1.9422503871494716,0.9028000000000032,459.09407665505233 ),
( 2.38160891934633,1.9810130197775733,0.8986000000000032,461.602787456446 ),
( 2.372840795846192,2.0194286788607765,0.8944000000000032,464.11149825783974 ),
( 2.3623995735521652,2.057423727610808,0.8902000000000032,466.6202090592335 ),
( 2.3503052666484057,2.0949253354833797,0.8860000000000032,469.12891986062715 ),
( 2.3365810580227766,2.131861617782912,0.8818000000000032,471.6376306620209 ),
( 2.321253254828895,2.1681617734542065,0.8776000000000033,474.14634146341473 ),
( 2.3043512380594446,2.2037562207969543,0.8734000000000033,476.6550522648084 ),
( 2.285907406227424,2.238576730842942,0.8692000000000033,479.1637630662021 ),
( 2.265957113263288,2.272556558140262,0.8650000000000033,481.6724738675959 ),
( 2.2445386007470067,2.3056305686938727,0.8608000000000033,484.18118466898954 ),
( 2.221692924604962,2.337735364817246,0.8566000000000034,486.6898954703833 ),
( 2.197463876412182,2.3688094066557728,0.8524000000000034,489.198606271777 ),
( 2.1718978994507667,2.3987931301490084,0.8482000000000034,491.70731707317077 ),
( 2.1450439996854005,2.4276290612056304,0.8440000000000034,494.2160278745645 ),
( 2.1169536518266194,2.4552619258722412,0.8398000000000034,496.72473867595824 ),
( 2.0876807006618656,2.4816387562848656,0.8356000000000035,499.2334494773519 ),
( 2.0572812578434796,2.506708992200035,0.8314000000000035,501.7421602787457 ),
( 2.0258135943314777,2.5304245779108285,0.8272000000000035,504.2508710801394 ),
( 1.9933380286972653,2.5527400543621255,0.8230000000000035,506.75958188153305 ),
( 1.959916811502399,2.573612646288481,0.8188000000000035,509.26829268292687 ),
( 1.9256140059740408,2.593002344207587,0.8146000000000035,511.77700348432063 ),
( 1.8904953652058025,2.6108719811121768,0.8104000000000036,514.2857142857142 ),
( 1.8546282061193835,2.6271873037133413,0.8062000000000036,516.794425087108 ),
( 1.8180812804286064,2.641917038098706,0.8020000000000036,519.3031358885019 ),
( 1.7809246428531706,2.655032949679612,0.7978000000000036,521.8118466898954 ),
( 1.7432295168347456,2.666509897312394,0.7936000000000036,524.3205574912893 ),
( 1.705068158012823,2.6763258814900013,0.7894000000000037,526.829268292683 ),
( 1.6665137157219931,2.6844620865116013,0.7852000000000037,529.3379790940767 ),
( 1.6276400927761485,2.6909029165493266,0.7810000000000037,531.8466898954705 ),
( 1.5885218038083992,2.6956360255430254,0.7768000000000037,534.3554006968642 ),
( 1.549233832438214,2.698652340865724,0.7726000000000037,536.8641114982579 ),
( 1.5098514875395865,2.6999460807144264,0.7684000000000037,539.3728222996516 ),
( 1.4704502588857555,2.699514765192924,0.7642000000000038,541.8815331010454 ),
( 1.431105672447154,2.697359221065366,0.7600000000000038,544.390243902439 ),
( 1.3918931456199748,2.6934835801714856,0.7558000000000038,546.8989547038328 ),
( 1.3528878426628705,2.687895271506508,0.7516000000000038,549.4076655052265 ),
( 1.3141645306188625,2.680605006980935,0.7474000000000038,551.9163763066202 ),
( 1.2757974359986526,2.671626760887492,0.7432000000000039,554.4250871080139 ),
( 1.2378601025000613,2.6609777431146067,0.7390000000000039,556.9337979094078 ),
( 1.2004252500363002,2.648678366157749,0.7348000000000039,559.4425087108015 ),
( 1.1635646353433076,2.6347522059918846,0.7306000000000039,561.9512195121952 ),
( 1.1273489144333595,2.6192259568800322,0.7264000000000039,564.459930313589 ),
( 1.0918475071585798,2.6021293802045493,0.722200000000004,566.9686411149826 ),
( 1.0571284641439773,2.5834952474192345,0.718000000000004,569.4773519163764 ),
( 1.0232583363450876,2.563359277231597,0.713800000000004,571.9860627177701 ),
( 0.9903020474802331,2.5417600671356992,0.709600000000004,574.4947735191638 ),
( 0.9583227695819443,2.5187390194268184,0.705400000000004,577.0034843205575 ),
( 0.9273818019060965,2.4943402618397488,0.701200000000004,579.5121951219512 ),
( 0.8975384534308499,2.4686105629628563,0.6970000000000041,582.0209059233449 ),
( 0.8688499291706565,2.4415992425900415,0.6928000000000041,584.5296167247387 ),
( 0.8413712205232231,2.4133580771824326,0.6886000000000041,587.0383275261324 ),
( 0.8151549998596309,2.3839412006210368,0.6844000000000041,589.5470383275261 ),
( 0.7902515195596752,2.35340500044059,0.6802000000000041,592.05574912892 ),
( 0.7667085156859378,2.3218080097435063,0.6760000000000042,594.5644599303135 ),
( 0.744571116481245,2.289210795001099,0.6718000000000042,597.0731707317074 ),
( 0.723881755864917,2.2556758399571732,0.6676000000000042,599.5818815331012 ),
( 0.7046800920936013,2.2212674258564946,0.6634000000000042,602.0905923344948 ),
( 0.6870029317426184,2.1860515082277265,0.6592000000000042,604.5993031358885 ),
( 0.6708841591535389,2.1500955904570436,0.6550000000000042,607.1080139372823 ),
( 0.6563546714832177,2.113468594394734,0.6508000000000043,609.616724738676 ),
( 0.6434423194787914,2.0762407282428263,0.6466000000000043,612.1254355400697 ),
( 0.6321718540921729,2.038483351976995,0.6424000000000043,614.6341463414634 ),
( 0.6225648790363588,2.000268840560683,0.6382000000000043,617.1428571428572 ),
( 0.6146398093745022,1.9616704452136577,0.6340000000000043,619.6515679442509 ),
( 0.6084118362211297,1.9227621530009245,0.6298000000000044,622.1602787456446 ),
( 0.6038928976231577,1.8836185450111365,0.6256000000000044,624.6689895470383 ),
( 0.6010916556765303,1.8443146533963484,0.6214000000000044,627.1777003484322 ),
( 0.6000134799223423,1.8049258175471683,0.6172000000000044,629.6864111498259 ),
( 0.600660437054271,1.7655275396789685,0.6130000000000044,632.1951219512194 ),
( 0.6030312869570484,1.7261953401059842,0.6088000000000044,634.7038327526133 ),
( 0.6071214850835689,1.6870046124807363,0.6046000000000045,637.2125435540071 ),
( 0.6129231911660709,1.6480304792762286,0.6004000000000045,639.7212543554007 ),
( 0.6204252842447012,1.6093476477879556,0.5962000000000045,642.2299651567945 ),
( 0.6296133839846483,1.5710302669317522,0.5920000000000045,644.7386759581882 ),
( 0.6404698782409862,1.5331517851119572,0.5878000000000045,647.2473867595819 ),
( 0.6529739568183948,1.4957848094323472,0.5836000000000046,649.7560975609757 ),
( 0.6671016513610329,1.459000966519725,0.5794000000000046,652.2648083623694 ),
( 0.6828258812961177,1.4228707652269141,0.5752000000000046,654.7735191637631 ),
( 0.7001165057431317,1.3874634614783528,0.5710000000000046,657.2822299651568 ),
( 0.7189403812891568,1.3528469255173656,0.5668000000000046,659.7909407665506 ),
( 0.7392614255195961,1.319087511809557,0.5626000000000047,662.2996515679442 ),
( 0.7610406861825003,1.2862499318517124,0.5584000000000047,664.808362369338 ),
( 0.7842364158539168,1.254397130130025,0.5542000000000047,667.3170731707318 ),
( 0.8088041519611492,1.2235901634653916,0.5500000000000047,669.8257839721254 ),
( 0.8346968020105338,1.1938880839770685,0.5458000000000047,672.3344947735193 ),
( 0.8618647338563514,1.1653478258890348,0.5416000000000047,674.843205574913 ),
( 0.8902558708378627,1.138024096396019,0.5374000000000048,677.3519163763066 ),
( 0.9198157916020961,1.1119692707983913,0.5332000000000048,679.8606271777005 ),
( 0.9504878344210314,1.087233292106939,0.5290000000000048,682.3693379790942 ),
( 0.9822132058032413,1.0638635753099541,0.5248000000000048,684.8780487804878 ),
( 1.014931093191791,1.041904916486138,0.5206000000000048,687.3867595818816 ),
( 1.0485787815323542,1.0213994069375583,0.5164000000000049,689.8954703832754 ),
( 1.0830917734881322,1.0023863525072247,0.5122000000000049,692.404181184669 ),
( 1.1184039130711299,0.9849021982359576,0.5080000000000049,694.9128919860628 ),
( 1.154447512452789,0.9689804585029695,0.5038000000000049,697.4216027874565 ),
( 1.1911534817109377,0.9546516527840585,0.49960000000000493,699.9303135888501 ),
( 1.2284514612643274,0.9419432471505622,0.49540000000000495,702.4390243902438 ),
( 1.2662699567408995,0.9308796016212144,0.49120000000000497,704.9477351916378 ),
( 1.3045364760212765,0.9214819234678098,0.487000000000005,707.4564459930314 ),
( 1.3431776681947811,0.913768226564194,0.482800000000005,709.9651567944251 ),
( 1.3821194641616068,0.9077532968564952,0.478600000000005,712.4738675958188 ),
( 1.4212872186116683,0.9034486640207864,0.47440000000000504,714.9825783972126 ),
( 1.4606058531079318,0.9008625793625058,0.47020000000000506,717.4912891986063 ),
( 1.4999999999999996,0.8999999999999999,0.4660000000000051,720.0 ),
( 1.5,0.9,0.44,720 ),
( 1.5,0.9,0.44,720 ),
( 1.5,0.9,0.44,720 ),
( 1.5,0.9,0.44,720 ),
( 1.5,0.9,0.44,720 ),
( 1.5,0.9,0.44,720 ),

( 1.5,0.9,0.44,720 ),
( 1.5,0.9,0.41,720 ),
( 1.5,0.9,0.38,720 ),
( 1.5,0.9,0.35,720 ),
( 1.5,0.9,0.32,720 ),
( 1.5,0.9,0.29,720 ),
( 1.5,0.9,0.26,720 ),
( 1.5,0.9,0.23,720 ),
( 1.5,0.9,0.2,720 ),
( 1.5,0.9,0.17,720 ),
( 1.5,0.9,0.14,720 ),

( 1.5,0.9,0.0,720 ),
( 1.5,0.9,0.0,720 ),
( 1.5,0.9,0.0,720 ),