






( 1.5,0.9,0.28,0 ),
( 1.5,0.9,0.31,0 ),
( 1.5,0.9,0.34,0 ),
( 1.5,0.9,0.37,0 ),
( 1.5,0.9,0.4,0 ),
( 1.5,0.9,0.43,0 ),
( 1.5,0.9,0.46,0 ),
( 1.5,0.9,0.49,0 ),
( 1.5,0.9,0.52,0 ),
( 1.5,0.9,0.55,0 ),
( 1.5,0.9,0.58,0 ),
( 1.5,0.9,0.61,0 ),
( 1.5,0.9,0.64,0 ),
( 1.5,0.9,0.67,0 ),
( 1.5,0.9,0.7,0 ),
( 1.5,0.9,0.73,0 ),
( 1.5,0.9,0.76,0 ),
( 1.5,0.9,0.79,0 ),
( 1.5,0.9,0.82,0 ),
( 1.5,0.9,0.85,0 ),
( 1.5,0.9,0.88,0 ),
( 1.5,0.9,0.91,0 ),
( 1.5,0.9,0.94,0 ),
( 1.5,0.9,0.97,0 ),
( 1.5,0.9,1.0,0 ),
( 1.5,0.9,1.03,0 ),
( 1.5,0.9,1.06,0 ),
( 1.5,0.9,1.09,0 ),
( 1.5,0.9,1.12,0 ),
( 1.5,0.9,1.15,0 ),
( 1.5,0.9,1.18,0 ),

( 1.5,0.9,1.2,0 ),
( 1.5,0.9,1.2,0 ),
( 1.5,0.9,1.2,0 ),
( 1.5,0.9,1.2,0 ),
( 1.5,0.9,1.2,0 ),
( 1.5,0.9,1.2,0 ),
( 1.5,0.9,1.2,0 ),
( 1.5,0.9,1.2,0 ),
( 1.5,0.9,1.2,0 ),
( 1.5,0.9,1.2,0 ),
( 1.5,0.9,1.2,0 ),
( 1.5,0.9,1.2,0 ),


( 1.5,0.9,1.196,0.0 ),
( 1.53939414689,0.900862579363,1.192,2.50871080139 ),
( 1.57871278139,0.903448664021,1.188,5.01742160279 ),
( 1.61788053584,0.907753296856,1.184,7.52613240418 ),
( 1.65682233181,0.913768226564,1.18,10.0348432056 ),
( 1.69546352398,0.921481923468,1.176,12.543554007 ),
( 1.73373004326,0.930879601621,1.172,15.0522648084 ),
( 1.77154853874,0.941943247151,1.168,17.5609756098 ),
( 1.80884651829,0.954651652784,1.164,20.0696864111 ),
( 1.84555248755,0.968980458503,1.16,22.5783972125 ),
( 1.88159608693,0.984902198236,1.156,25.0871080139 ),
( 1.91690822651,1.00238635251,1.152,27.5958188153 ),
( 1.95142121847,1.02139940694,1.148,30.1045296167 ),
( 1.98506890681,1.04190491649,1.144,32.6132404181 ),
( 2.0177867942,1.06386357531,1.14,35.1219512195 ),
( 2.04951216558,1.08723329211,1.136,37.6306620209 ),
( 2.0801842084,1.1119692708,1.132,40.1393728223 ),
( 2.10974412916,1.1380240964,1.128,42.6480836237 ),
( 2.13813526614,1.16534782589,1.124,45.1567944251 ),
( 2.16530319799,1.19388808398,1.12,47.6655052265 ),
( 2.19119584804,1.22359016347,1.116,50.1742160279 ),
( 2.21576358415,1.25439713013,1.112,52.6829268293 ),
( 2.23895931382,1.28624993185,1.108,55.1916376307 ),
( 2.26073857448,1.31908751181,1.104,57.7003484321 ),
( 2.28105961871,1.35284692552,1.1,60.2090592334 ),
( 2.29988349426,1.38746346148,1.096,62.7177700348 ),
( 2.3171741187,1.42287076523,1.092,65.2264808362 ),
( 2.33289834864,1.45900096652,1.088,67.7351916376 ),
( 2.34702604318,1.49578480943,1.084,70.243902439 ),
( 2.35953012176,1.53315178511,1.08,72.7526132404 ),
( 2.37038661602,1.57103026693,1.076,75.2613240418 ),
( 2.37957471576,1.60934764779,1.072,77.7700348432 ),
( 2.38707680883,1.64803047928,1.068,80.2787456446 ),
( 2.39287851492,1.68700461248,1.064,82.787456446 ),
( 2.39696871304,1.72619534011,1.06,85.2961672474 ),
( 2.39933956295,1.76552753968,1.056,87.8048780488 ),
( 2.39998652008,1.80492581755,1.052,90.3135888502 ),
( 2.39890834432,1.8443146534,1.048,92.8222996516 ),
( 2.39610710238,1.88361854501,1.044,95.331010453 ),
( 2.39158816378,1.922762153,1.04,97.8397212544 ),
( 2.38536019063,1.96167044521,1.036,100.348432056 ),
( 2.37743512096,2.00026884056,1.032,102.857142857 ),
( 2.36782814591,2.03848335198,1.028,105.365853659 ),
( 2.35655768052,2.07624072824,1.024,107.87456446 ),
( 2.34364532852,2.11346859439,1.02,110.383275261 ),
( 2.32911584085,2.15009559046,1.016,112.891986063 ),
( 2.31299706826,2.18605150823,1.012,115.400696864 ),
( 2.29531990791,2.22126742586,1.008,117.909407666 ),
( 2.27611824414,2.25567583996,1.004,120.418118467 ),
( 2.25542888352,2.289210795,1.0,122.926829268 ),
( 2.23329148431,2.32180800974,0.996,125.43554007 ),
( 2.20974848044,2.35340500044,0.992,127.944250871 ),
( 2.18484500014,2.38394120062,0.988,130.452961672 ),
( 2.15862877948,2.41335807718,0.984,132.961672474 ),
( 2.13115007083,2.44159924259,0.98,135.470383275 ),
( 2.10246154657,2.46861056296,0.976,137.979094077 ),
( 2.07261819809,2.49434026184,0.972,140.487804878 ),
( 2.04167723042,2.51873901943,0.968,142.996515679 ),
( 2.00969795252,2.54176006714,0.964,145.505226481 ),
( 1.97674166365,2.56335927723,0.96,148.013937282 ),
( 1.94287153586,2.58349524742,0.956,150.522648084 ),
( 1.90815249284,2.6021293802,0.952,153.031358885 ),
( 1.87265108557,2.61922595688,0.948,155.540069686 ),
( 1.83643536466,2.63475220599,0.944,158.048780488 ),
( 1.79957474996,2.64867836616,0.94,160.557491289 ),
( 1.7621398975,2.66097774311,0.936,163.066202091 ),
( 1.724202564,2.67162676089,0.932,165.574912892 ),
( 1.68583546938,2.68060500698,0.928,168.083623693 ),
( 1.64711215734,2.68789527151,0.924,170.592334495 ),
( 1.60810685438,2.69348358017,0.92,173.101045296 ),
( 1.56889432755,2.69735922107,0.916,175.609756098 ),
( 1.52954974111,2.69951476519,0.912,178.118466899 ),
( 1.49014851246,2.69994608071,0.908,180.6271777 ),
( 1.45076616756,2.69865234087,0.904,183.135888502 ),
( 1.41147819619,2.69563602554,0.9,185.644599303 ),
( 1.37235990722,2.69090291655,0.896,188.153310105 ),
( 1.33348628428,2.68446208651,0.892,190.662020906 ),
( 1.29493184199,2.67632588149,0.888,193.170731707 ),
( 1.25677048317,2.66650989731,0.884,195.679442509 ),
( 1.21907535715,2.65503294968,0.88,198.18815331 ),
( 1.18191871957,2.6419170381,0.876,200.696864111 ),
( 1.14537179388,2.62718730371,0.872,203.205574913 ),
( 1.10950463479,2.61087198111,0.868,205.714285714 ),
( 1.07438599403,2.59300234421,0.864,208.222996516 ),
( 1.0400831885,2.57361264629,0.86,210.731707317 ),
( 1.0066619713,2.55274005436,0.856,213.240418118 ),
( 0.974186405669,2.53042457791,0.852,215.74912892 ),
( 0.942718742157,2.5067089922,0.848,218.257839721 ),
( 0.912319299338,2.48163875628,0.844,220.766550523 ),
( 0.883046348173,2.45526192587,0.84,223.275261324 ),
( 0.854956000315,2.42762906121,0.836,225.783972125 ),
( 0.828102100549,2.39879313015,0.832,228.292682927 ),
( 0.802536123588,2.36880940666,0.828,230.801393728 ),
( 0.778307075395,2.33773536482,0.824,233.31010453 ),
( 0.755461399253,2.30563056869,0.82,235.818815331 ),
( 0.734042886737,2.27255655814,0.816,238.327526132 ),
( 0.714092593773,2.23857673084,0.812,240.836236934 ),
( 0.695648761941,2.2037562208,0.808,243.344947735 ),
( 0.678746745171,2.16816177345,0.804,245.853658537 ),
( 0.663418941977,2.13186161778,0.8,248.362369338 ),
( 0.649694733352,2.09492533548,0.796,250.871080139 ),
( 0.637600426448,2.05742372761,0.792,253.379790941 ),
( 0.627159204154,2.01942867886,0.788,255.888501742 ),
( 0.618391080654,1.98101301978,0.784,258.397212544 ),
( 0.611312863064,1.94225038715,0.78,260.905923345 ),
( 0.605938119216,1.90321508286,0.776,263.414634146 ),
( 0.602277151651,1.86398193146,0.772,265.923344948 ),
( 0.600336977869,1.82462613673,0.768,268.432055749 ),
( 0.600121316878,1.78522313757,0.764,270.940766551 ),
( 0.601630582067,1.74584846334,0.76,273.449477352 ),
( 0.604861880411,1.7065775891,0.756,275.958188153 ),
( 0.609809018018,1.66748579096,0.752,278.466898955 ),
( 0.616462512003,1.62864800175,0.748,280.975609756 ),
( 0.624809608661,1.59013866743,0.744,283.484320557 ),
( 0.634834307919,1.55203160434,0.74,285.993031359 ),
( 0.646517394001,1.51439985774,0.736,288.50174216 ),
( 0.659836472267,1.47731556178,0.732,291.010452962 ),
( 0.674766012132,1.44084980124,0.728,293.519163763 ),
( 0.691277396014,1.40507247525,0.724,296.027874564 ),
( 0.70933897418,1.37005216334,0.72,298.536585366 ),
( 0.728916125421,1.33585599394,0.716,301.045296167 ),
( 0.749971323411,1.30254951574,0.712,303.554006969 ),
( 0.77246420864,1.27019657203,0.708,306.06271777 ),
( 0.796351665779,1.23885917833,0.704,308.571428571 ),
( 0.821587906321,1.2085974035,0.7,311.080139373 ),
( 0.848124556354,1.17946925461,0.696,313.588850174 ),
( 0.875910749287,1.15153056576,0.692,316.097560976 ),
( 0.904893223349,1.12483489102,0.688,318.606271777 ),
( 0.935016423686,1.09943340181,0.684,321.114982578 ),
( 0.966222608852,1.0753747888,0.68,323.62369338 ),
( 0.998451961489,1.05270516858,0.676,326.132404181 ),
( 1.03164270299,1.03146799524,0.672,328.641114983 ),
( 1.0657312119,1.01170397712,0.668,331.149825784 ),
( 1.10065214592,0.993450998735,0.664,333.658536585 ),
( 1.13633856709,0.976744048178,0.66,336.167247387 ),
( 1.17272207013,0.961615150052,0.656,338.675958188 ),
( 1.2097329136,0.948093304081,0.652,341.18466899 ),
( 1.2473001535,0.93620442952,0.648,343.693379791 ),
( 1.28535177935,0.925971315475,0.644,346.202090592 ),
( 1.32381485214,0.917413577221,0.64,348.710801394 ),
( 1.3626156442,0.910547618598,0.636,351.219512195 ),
( 1.40167978051,0.90538660057,0.632,353.728222997 ),
( 1.44093238124,0.901940416,0.628,356.236933798 ),
( 1.48029820533,0.900215670682,0.624,358.745644599 ),
( 1.5,0.9,0.62,360.0 ),
( 1.5,0.9,0.62,360.0 ),
( 1.5,0.9,0.62,360.0 ),
( 1.5,0.9,0.62,360.0 ),
( 1.5,0.9,0.62,360.0 ),
( 1.5,0.9,0.62,360.0 ),
( 1.5,0.9,0.55,360.0 ),
( 1.5,0.9,0.50,360.0 ),
( 1.5,0.9,0.45,360.0 ),
( 1.5,0.9,0.40,360.0 ),
( 1.5,0.9,0.35,360.0 ),
( 1.5,0.9,0.30,360.0 ),
( 1.5,0.9,0.25,360.0 ),
( 1.5,0.9,0.20,360.0 ),
( 1.5,0.9,0.15,360.0 ),
( 1.5,0.9,0.10,360.0 ),
( 1.5,0.9,0.00,360.0 ),

